Stats Last Gen : 
-Sonar 
-Size 
-ForceX 
-ForceY 

<<<<<<< HEAD
16
15
46384
-14454

31
11
46384
-39887

31
15
-21972
-39887

31
15
-21972
-39887

57
10
-21972
-39887

57
11
-21972
-24649

57
10
64917
-39887

57
11
64917
-39887

57
10
64917
-24649

57
10
64917
-24649

57
10
64917
-24649

57
10
64917
-24649

31
10
64917
-24649

31
10
64917
-39887

31
10
-21972
-24649

31
11
64917
-24649

3
18
54497
-40259

116
18
-39660
-3381

170
17
61325
35673

116
10
4695
-16790
=======
85
12
-43201
-45246

85
12
-43201
-45246

85
12
-43201
-45246

85
12
-43201
-45246

85
12
-43201
-45246

85
12
-43201
-45246

85
12
-43201
-45246

85
12
-43201
-45246

85
12
-43201
-45246

85
12
-43201
-45246

85
12
-43201
-45246

85
12
-43201
-45246

85
12
-43201
-45246

85
12
-43201
-45246

85
12
-43201
-45246

85
12
-43201
-45246

85
12
-43201
-45246

85
12
-43201
-45246

48
19
5350
43309

126
17
58054
22823
>>>>>>> 051e6a7e0d931cc253dc40f158c3f2e7b3bca8a0
